00000000000000000000000
00000000000000000000000
00000000000000000000000
01111111111111111111110
01222212222122221222210
01211212112121121211210
01211322112121122311210
01211111112121111111210
01222222222222222222210
01211212112121121211210
01222222222122222222210
01111212112121121211110
00001212222222221210000
01111212111411121211110
50000222144444122200005
01111212111111121211110
00001212222322221210000
01111211211111211211110
01222222222122222222210
01211211112121111211210
01221222222022222212210
01121212111211121212110
01222212222322221222210
01211111211211211111210
01222222222222222222210
01111111111111111111110
00000000000000000000000
00000000000000000000000
00000000000000000000000