00000000000000000000000
00000000000000000000000
00000000000000000000000
01111111111111111111110
01322222222122222222310
01211211112121111211210
01211210012121001211210
01211211112121111211210
01222222222222222222210
01211212111111121211210
01222212222122221222210
01111211112121111211110
00001212222222221210000
01111212111411121211110
01222222144444122222210
01111212111111121211110
00001212222222221210000
01111212111111121211110
01222222222122222222210
01211211112121111211210
01221222222222222212210
01121212111111121212110
01322212222122221222310
01211111112121111111210
01222222222222222222210
01111111111111111111110
00000000000000000000000
00000000000000000000000
00000000000000000000000