00000000000000000000000
00000000000000000000000
00000000000000000000000
01111111111111111111110
01222222222122222222210
01211111112121111111210
01213222222122222231210
01212111112121111121210
01222222222222222222210
01211212111111121211210
01222212222122221222210
01211211112121111211210
01222212222222221222210
01111212111411121211110
50000222144444122200005
01111212111111121211110
01222212222222221222210
01211212111111121211210
01222222222122222222210
01111211112121111211110
01122222222022222222110
01121212111111121212110
01222212223132221222210
01211111212121211111210
01222222222222222222210
01111111111111111111110
00000000000000000000000
00000000000000000000000
00000000000000000000000